REF -> DSI [0]  [0, 5, 0, 0, 0] [5, 6, 1, 0, 1]
DSI -> DSC [0]  [5, 6, 1, 0, 1] [11, 5, 2, 0, 2]
DSC -> NFC [0]  [11, 5, 2, 0, 2] [16, 13, 3, 0, 3]
NFC -> MS7 [0]* [16, 13, 3, 0, 3] [61, 20, 13, 0, 8]
MS7 -> REF [a]
REF -> DSI [1]  [16, 5, 0, 1, 3] [21, 19, 1, 1, 4]
DSI -> MPO [1]  [21, 19, 1, 1, 4] [40, 5, 5, 1, 5]
MPO -> SLD [1]  [40, 5, 5, 1, 5] [45, 5, 6, 1, 6]
SLD -> NFC [1]  [45, 5, 6, 1, 6] [50, 9, 3, 1, 7]
NFC -> DSO [1]  [50, 9, 3, 1, 7] [89, 8, 14, 1, 10]
DSO -> REF [b]
REF -> HBW [2]  [50, 11, 0, 2, 7] [61, 15, 4, 2, 8]
HBW -> MS3 [2]* [61, 15, 4, 2, 8] [97, 20, 9, 2, 11]
MS3 -> MS7 [c]
MS7 -> DSO [0]  [61, 20, 13, 0, 8] [81, 8, 14, 0, 9]
DSO -> REF [0]  [81, 8, 14, 0, 9] [89, 0, 0, 0, 10]
DSO -> REF [1]  [89, 8, 14, 1, 10] [97, 0, 0, 1, 11]
MS3 -> DSO [2]  [97, 20, 9, 2, 11] [117, 8, 14, 2, 12]
DSO -> REF [2]  [117, 8, 14, 2, 12] [125, 0, 0, 2, 13]

