>>> generate overlay mapping:
REF -> DSI [0]  [0, 5, 0, 0, 0] [5, 5, 1, 0, 1]
DSI -> NFC [0]  [5, 5, 1, 0, 1] [10, 5, 3, 0, 2]
NFC -> MS1 [0]* [10, 5, 3, 0, 2] [50, 5, 7, 0, 10]
MS1 -> REF [a]
REF -> DSI [1]  [10, 5, 0, 1, 2] [15, 5, 1, 1, 3]
DSI -> MPO [1]  [15, 5, 1, 1, 3] [20, 5, 5, 1, 4]
MPO -> SLD [1]  [20, 5, 5, 1, 4] [25, 5, 6, 1, 5]
SLD -> DSO [1]  [25, 5, 6, 1, 5] [65, 5, 14, 1, 13]
DSO -> REF [b]
REF -> DSI [2]  [25, 5, 0, 2, 5] [30, 5, 1, 2, 6]
DSI -> DSC [2]  [30, 5, 1, 2, 6] [35, 5, 2, 2, 7]
DSC -> NFC [2]  [35, 5, 2, 2, 7] [40, 5, 3, 2, 8]
NFC -> HBW [2]  [40, 5, 3, 2, 8] [45, 5, 4, 2, 9]
HBW -> REF [2]  [45, 5, 4, 2, 9] [50, 0, 0, 2, 10]
MS1 -> MS7 [0]  [50, 5, 7, 0, 10] [55, 5, 13, 0, 11]
MS7 -> DSO [0]  [55, 5, 13, 0, 11] [60, 5, 14, 0, 12]
DSO -> REF [0]  [60, 5, 14, 0, 12] [65, 0, 0, 0, 13]
DSO -> REF [1]  [65, 5, 14, 1, 13] [70, 0, 0, 1, 14]
overlap idx: []
there is no overlap!

>>> apply the serializer filter
>>> apply the pruning filter

>>> generate overlay mapping:
REF -> DSI [0]  [0, 5, 0, 0, 0] [5, 5, 1, 0, 1]
DSI -> NFC [0]  [5, 5, 1, 0, 1] [10, 5, 3, 0, 2]
NFC -> MS1 [0]* [10, 5, 3, 0, 2] [50, 5, 7, 0, 10]
MS1 -> REF [a]
REF -> DSI [1]  [10, 5, 0, 1, 2] [15, 5, 1, 1, 3]
DSI -> MPO [1]  [15, 5, 1, 1, 3] [20, 5, 5, 1, 4]
MPO -> SLD [1]  [20, 5, 5, 1, 4] [25, 5, 6, 1, 5]
SLD -> DSO [1]  [25, 5, 6, 1, 5] [65, 5, 14, 1, 13]
DSO -> REF [b]
REF -> DSI [2]  [25, 5, 0, 2, 5] [30, 5, 1, 2, 6]
DSI -> DSC [2]  [30, 5, 1, 2, 6] [35, 5, 2, 2, 7]
DSC -> NFC [2]  [35, 5, 2, 2, 7] [40, 5, 3, 2, 8]
NFC -> HBW [2]  [40, 5, 3, 2, 8] [45, 5, 4, 2, 9]
HBW -> REF [2]  [45, 5, 4, 2, 9] [50, 0, 0, 2, 10]
MS1 -> MS7 [0]  [50, 5, 7, 0, 10] [55, 5, 13, 0, 11]
MS7 -> DSO [0]  [55, 5, 13, 0, 11] [60, 5, 14, 0, 12]
DSO -> REF [0]  [60, 5, 14, 0, 12] [65, 0, 0, 0, 13]
DSO -> REF [1]  [65, 5, 14, 1, 13] [70, 0, 0, 1, 14]
overlap idx: []
there is no overlap!

Optimal Schedule Length: 70
22.3720703125
[0, 5, 0, 0, 0]
[5, 5, 1, 0, 1]
[10, 5, 3, 0, 2]
[10, 5, 0, 1, 2]
[15, 5, 1, 1, 3]
[20, 5, 5, 1, 4]
[25, 5, 6, 1, 5]
[25, 5, 0, 2, 5]
[30, 5, 1, 2, 6]
[35, 5, 2, 2, 7]
[40, 5, 3, 2, 8]
[45, 5, 4, 2, 9]
[50, 0, 0, 2, 10]
[50, 5, 7, 0, 10]
[55, 5, 13, 0, 11]
[60, 5, 14, 0, 12]
[65, 0, 0, 0, 13]
[65, 5, 14, 1, 13]
[70, 0, 0, 1, 14]

