Optimal Schedule Length: 90
14.722412109375
[0, 5, 0, 0, 0]
[5, 5, 4, 0, 1]
[10, 5, 5, 0, 2]
[15, 5, 6, 0, 3]
[15, 5, 0, 1, 3]
[20, 5, 1, 1, 4]
[20, 5, 0, 2, 4]
[25, 5, 1, 2, 5]
[30, 5, 2, 2, 6]
[30, 5, 12, 1, 6]
[35, 5, 2, 1, 7]
[40, 5, 5, 1, 8]
[45, 5, 6, 1, 9]
[45, 5, 7, 0, 9]
[50, 5, 2, 0, 10]
[50, 5, 7, 2, 10]
[55, 5, 8, 0, 11]
[55, 5, 9, 1, 11]
[55, 5, 11, 2, 11]
[60, 5, 10, 2, 12]
[65, 5, 2, 2, 13]
[65, 5, 11, 1, 13]
[65, 5, 13, 0, 13]
[70, 5, 3, 0, 14]
[75, 5, 4, 0, 15]
[80, 0, 0, 0, 16]
[80, 5, 14, 1, 16]
[85, 0, 0, 1, 17]
[85, 5, 14, 2, 17]
[90, 0, 0, 2, 18]

