>>> generate overlay mapping:
REF -> HBW [0]  [0, 5, 0, 0, 0] [5, 5, 4, 0, 1]
HBW -> MPO [0]  [5, 5, 4, 0, 1] [10, 5, 5, 0, 2]
MPO -> SLD [0]  [10, 5, 5, 0, 2] [15, 5, 6, 0, 3]
SLD -> MS1 [0]* [15, 5, 6, 0, 3] [45, 5, 7, 0, 9]
MS1 -> REF [a]
REF -> DSI [1]  [15, 5, 0, 1, 3] [20, 5, 1, 1, 4]
DSI -> MS6 [1]* [20, 5, 1, 1, 4] [30, 5, 12, 1, 6]
MS6 -> REF [b]
REF -> DSI [2]  [20, 5, 0, 2, 4] [25, 5, 1, 2, 5]
DSI -> DSC [2]  [25, 5, 1, 2, 5] [30, 5, 2, 2, 6]
DSC -> MS1 [2]S [30, 5, 2, 2, 6] [50, 5, 7, 2, 10]
MS6 -> DSC [1]  [30, 5, 12, 1, 6] [35, 5, 2, 1, 7]
DSC -> MPO [1]  [35, 5, 2, 1, 7] [40, 5, 5, 1, 8]
MPO -> SLD [1]  [40, 5, 5, 1, 8] [45, 5, 6, 1, 9]
SLD -> MS3 [1]* [45, 5, 6, 1, 9] [55, 5, 9, 1, 11]
MS3 -> MS1 [c]
MS1 -> DSC [0]  [45, 5, 7, 0, 9] [50, 5, 2, 0, 10]
DSC -> MS2 [0]* [50, 5, 2, 0, 10] [55, 5, 8, 0, 11]
MS2 -> MS1 [d]
MS1 -> MS5 [2]* [50, 5, 7, 2, 10] [55, 5, 11, 2, 11]
MS5 -> MS2 [e]
MS2 -> MS7 [0]* [55, 5, 8, 0, 11] [65, 5, 13, 0, 13]
MS7 -> MS3 [f]
MS3 -> MS5 [1]S [55, 5, 9, 1, 11] [65, 5, 11, 1, 13]
MS5 -> MS4 [2]  [55, 5, 11, 2, 11] [60, 5, 10, 2, 12]
MS4 -> DSC [2]  [60, 5, 10, 2, 12] [65, 5, 2, 2, 13]
DSC -> DSO [2]  [65, 5, 2, 2, 13] [85, 5, 14, 2, 17]
DSO -> MS5 [g]
MS5 -> DSO [1]  [65, 5, 11, 1, 13] [80, 5, 14, 1, 16]
DSO -> MS7 [h]
MS7 -> NFC [0]  [65, 5, 13, 0, 13] [70, 5, 3, 0, 14]
NFC -> HBW [0]  [70, 5, 3, 0, 14] [75, 5, 4, 0, 15]
HBW -> REF [0]  [75, 5, 4, 0, 15] [80, 0, 0, 0, 16]
DSO -> REF [1]  [80, 5, 14, 1, 16] [85, 0, 0, 1, 17]
DSO -> REF [2]  [85, 5, 14, 2, 17] [90, 0, 0, 2, 18]
overlap idx: [15, 21]
2 XXXXXXXXXXXXXXXXXXXXXXXXXXXXXXXXXXXXXXXXXXXXXXXXXXXXXXXXXXXXX
>>> generate overlay mapping:
REF -> HBW [0]  [0, 5, 0, 0, 0] [5, 5, 4, 0, 1]
HBW -> MPO [0]  [5, 5, 4, 0, 1] [10, 5, 5, 0, 2]
MPO -> SLD [0]  [10, 5, 5, 0, 2] [15, 5, 6, 0, 3]
SLD -> MS1 [0]  [15, 5, 6, 0, 3] [20, 5, 7, 0, 4]
MS1 -> DSC [0]  [20, 5, 7, 0, 4] [50, 5, 2, 0, 10]
DSC -> REF [a]
REF -> DSI [1]  [20, 5, 0, 1, 4] [25, 5, 1, 1, 5]
DSI -> MS6 [1]* [25, 5, 1, 1, 5] [35, 5, 12, 1, 7]
MS6 -> REF [b]
REF -> DSI [2]  [25, 5, 0, 2, 5] [30, 5, 1, 2, 6]
DSI -> DSC [2]  [30, 5, 1, 2, 6] [35, 5, 2, 2, 7]
DSC -> MS1 [2]* [35, 5, 2, 2, 7] [50, 5, 7, 2, 10]
MS1 -> MS6 [c]
MS6 -> DSC [1]  [35, 5, 12, 1, 7] [40, 5, 2, 1, 8]
DSC -> MPO [1]  [40, 5, 2, 1, 8] [45, 5, 5, 1, 9]
MPO -> SLD [1]  [45, 5, 5, 1, 9] [50, 5, 6, 1, 10]
SLD -> MS3 [1]* [50, 5, 6, 1, 10] [55, 5, 9, 1, 11]
MS3 -> DSC [d]
DSC -> MS2 [0]* [50, 5, 2, 0, 10] [55, 5, 8, 0, 11]
MS2 -> MS1 [e]
MS1 -> MS5 [2]  [50, 5, 7, 2, 10] [55, 5, 11, 2, 11]
MS5 -> MS4 [2]* [55, 5, 11, 2, 11] [60, 5, 10, 2, 12]
MS4 -> MS2 [f]
MS2 -> MS7 [0]* [55, 5, 8, 0, 11] [65, 5, 13, 0, 13]
MS7 -> MS3 [g]
MS3 -> MS5 [1]* [55, 5, 9, 1, 11] [65, 5, 11, 1, 13]
MS5 -> MS4 [h]
MS4 -> DSC [2]  [60, 5, 10, 2, 12] [65, 5, 2, 2, 13]
DSC -> DSO [2]  [65, 5, 2, 2, 13] [85, 5, 14, 2, 17]
DSO -> MS5 [i]
MS5 -> DSO [1]  [65, 5, 11, 1, 13] [80, 5, 14, 1, 16]
DSO -> MS7 [j]
MS7 -> NFC [0]  [65, 5, 13, 0, 13] [70, 5, 3, 0, 14]
NFC -> HBW [0]  [70, 5, 3, 0, 14] [75, 5, 4, 0, 15]
HBW -> REF [0]  [75, 5, 4, 0, 15] [80, 0, 0, 0, 16]
DSO -> REF [1]  [80, 5, 14, 1, 16] [85, 0, 0, 1, 17]
DSO -> REF [2]  [85, 5, 14, 2, 17] [90, 0, 0, 2, 18]
overlap idx: []
there is no overlap!

>>> apply the serializer filter
>>> apply the pruning filter

>>> generate overlay mapping:
REF -> HBW [0]  [0, 5, 0, 0, 0] [5, 5, 4, 0, 1]
HBW -> MPO [0]  [5, 5, 4, 0, 1] [10, 5, 5, 0, 2]
MPO -> SLD [0]  [10, 5, 5, 0, 2] [15, 5, 6, 0, 3]
SLD -> MS1 [0]  [15, 5, 6, 0, 3] [20, 5, 7, 0, 4]
MS1 -> DSC [0]  [20, 5, 7, 0, 4] [25, 5, 2, 0, 5]
DSC -> MS2 [0]* [25, 5, 2, 0, 5] [60, 5, 8, 0, 12]
MS2 -> REF [a]
REF -> DSI [1]  [25, 5, 0, 1, 5] [30, 5, 1, 1, 6]
DSI -> MS6 [1]* [30, 5, 1, 1, 6] [40, 5, 12, 1, 8]
MS6 -> REF [b]
REF -> DSI [2]  [30, 5, 0, 2, 6] [35, 5, 1, 2, 7]
DSI -> DSC [2]  [35, 5, 1, 2, 7] [40, 5, 2, 2, 8]
DSC -> MS1 [2]* [40, 5, 2, 2, 8] [55, 5, 7, 2, 11]
MS1 -> MS6 [c]
MS6 -> DSC [1]  [40, 5, 12, 1, 8] [45, 5, 2, 1, 9]
DSC -> MPO [1]  [45, 5, 2, 1, 9] [50, 5, 5, 1, 10]
MPO -> SLD [1]  [50, 5, 5, 1, 10] [55, 5, 6, 1, 11]
SLD -> MS3 [1]* [55, 5, 6, 1, 11] [60, 5, 9, 1, 12]
MS3 -> MS1 [d]
MS1 -> MS5 [2]  [55, 5, 7, 2, 11] [60, 5, 11, 2, 12]
MS5 -> MS4 [2]* [60, 5, 11, 2, 12] [65, 5, 10, 2, 13]
MS4 -> MS2 [e]
MS2 -> MS7 [0]* [60, 5, 8, 0, 12] [70, 5, 13, 0, 14]
MS7 -> MS3 [f]
MS3 -> MS5 [1]* [60, 5, 9, 1, 12] [70, 5, 11, 1, 14]
MS5 -> MS4 [g]
MS4 -> DSC [2]  [65, 5, 10, 2, 13] [70, 5, 2, 2, 14]
DSC -> DSO [2]  [70, 5, 2, 2, 14] [90, 5, 14, 2, 18]
DSO -> MS5 [h]
MS5 -> DSO [1]  [70, 5, 11, 1, 14] [85, 5, 14, 1, 17]
DSO -> MS7 [i]
MS7 -> NFC [0]  [70, 5, 13, 0, 14] [75, 5, 3, 0, 15]
NFC -> HBW [0]  [75, 5, 3, 0, 15] [80, 5, 4, 0, 16]
HBW -> REF [0]  [80, 5, 4, 0, 16] [85, 0, 0, 0, 17]
DSO -> REF [1]  [85, 5, 14, 1, 17] [90, 0, 0, 1, 18]
DSO -> REF [2]  [90, 5, 14, 2, 18] [95, 0, 0, 2, 19]
overlap idx: []
there is no overlap!

Optimal Schedule Length: 95
15.06689453125
[0, 5, 0, 0, 0]
[5, 5, 4, 0, 1]
[10, 5, 5, 0, 2]
[15, 5, 6, 0, 3]
[20, 5, 7, 0, 4]
[25, 5, 2, 0, 5]
[25, 5, 0, 1, 5]
[30, 5, 1, 1, 6]
[30, 5, 0, 2, 6]
[35, 5, 1, 2, 7]
[40, 5, 2, 2, 8]
[40, 5, 12, 1, 8]
[45, 5, 2, 1, 9]
[50, 5, 5, 1, 10]
[55, 5, 6, 1, 11]
[55, 5, 7, 2, 11]
[60, 5, 11, 2, 12]
[60, 5, 8, 0, 12]
[60, 5, 9, 1, 12]
[65, 5, 10, 2, 13]
[70, 5, 2, 2, 14]
[70, 5, 11, 1, 14]
[70, 5, 13, 0, 14]
[75, 5, 3, 0, 15]
[80, 5, 4, 0, 16]
[85, 0, 0, 0, 17]
[85, 5, 14, 1, 17]
[90, 0, 0, 1, 18]
[90, 5, 14, 2, 18]
[95, 0, 0, 2, 19]

