>>> generate overlay mapping:
REF -> DSI [0]  [0, 5, 0, 0, 0] [5, 5, 1, 0, 1]
DSI -> MS2 [0]* [5, 5, 1, 0, 1] [20, 5, 8, 0, 4]
MS2 -> REF [a]
REF -> DSI [1]  [5, 5, 0, 1, 1] [10, 5, 1, 1, 2]
DSI -> DSC [1]  [10, 5, 1, 1, 2] [15, 5, 2, 1, 3]
DSC -> MS1 [1]* [15, 5, 2, 1, 3] [25, 5, 7, 1, 5]
MS1 -> REF [b]
REF -> HBW [2]  [15, 5, 0, 2, 3] [20, 5, 4, 2, 4]
HBW -> MS3 [2]* [20, 5, 4, 2, 4] [25, 5, 9, 2, 5]
MS3 -> MS2 [c]
MS2 -> MS1 [0]S [20, 5, 8, 0, 4] [25, 5, 7, 0, 5]
MS1 -> DSO [0]  [25, 5, 7, 0, 5] [30, 5, 14, 0, 6]
DSO -> MS1 [d]
MS1 -> MS3 [1]S [25, 5, 7, 1, 5] [35, 5, 9, 1, 7]
MS3 -> MS5 [2]* [25, 5, 9, 2, 5] [35, 5, 11, 2, 7]
MS5 -> DSO [e]
DSO -> REF [0]  [30, 5, 14, 0, 6] [35, 0, 0, 0, 7]
MS3 -> DSO [1]  [35, 5, 9, 1, 7] [40, 5, 14, 1, 8]
DSO -> MS5 [f]
MS5 -> DSO [2]  [35, 5, 11, 2, 7] [45, 5, 14, 2, 9]
DSO -> DSO [g]
DSO -> REF [1]  [40, 5, 14, 1, 8] [45, 0, 0, 1, 9]
DSO -> REF [2]  [45, 5, 14, 2, 9] [50, 0, 0, 2, 10]
overlap idx: [8, 13]
2 XXXXXXXXXXXXXXXXXXXXXXXXXXXXXXXXXXXXXXXXXXXXXXXXXXXXXXXXXXXXX
>>> generate overlay mapping:
REF -> DSI [0]  [0, 5, 0, 0, 0] [5, 5, 1, 0, 1]
DSI -> MS2 [0]* [5, 5, 1, 0, 1] [30, 5, 8, 0, 6]
MS2 -> REF [a]
REF -> DSI [1]  [5, 5, 0, 1, 1] [10, 5, 1, 1, 2]
DSI -> DSC [1]  [10, 5, 1, 1, 2] [15, 5, 2, 1, 3]
DSC -> MS1 [1]  [15, 5, 2, 1, 3] [20, 5, 7, 1, 4]
MS1 -> MS3 [1]* [20, 5, 7, 1, 4] [45, 5, 9, 1, 9]
MS3 -> REF [b]
REF -> HBW [2]  [20, 5, 0, 2, 4] [25, 5, 4, 2, 5]
HBW -> MS3 [2]S [25, 5, 4, 2, 5] [30, 5, 9, 2, 6]
MS3 -> MS5 [2]* [30, 5, 9, 2, 6] [45, 5, 11, 2, 9]
MS5 -> MS2 [c]
MS2 -> MS1 [0]  [30, 5, 8, 0, 6] [35, 5, 7, 0, 7]
MS1 -> DSO [0]  [35, 5, 7, 0, 7] [40, 5, 14, 0, 8]
DSO -> REF [0]  [40, 5, 14, 0, 8] [45, 0, 0, 0, 9]
MS3 -> DSO [1]  [45, 5, 9, 1, 9] [50, 5, 14, 1, 10]
DSO -> MS5 [d]
MS5 -> DSO [2]  [45, 5, 11, 2, 9] [55, 5, 14, 2, 11]
DSO -> DSO [e]
DSO -> REF [1]  [50, 5, 14, 1, 10] [55, 0, 0, 1, 11]
DSO -> REF [2]  [55, 5, 14, 2, 11] [60, 0, 0, 2, 12]
overlap idx: [8]
3 XXXXXXXXXXXXXXXXXXXXXXXXXXXXXXXXXXXXXXXXXXXXXXXXXXXXXXXXXXXXX
>>> generate overlay mapping:
REF -> DSI [0]  [0, 5, 0, 0, 0] [5, 5, 1, 0, 1]
DSI -> MS2 [0]* [5, 5, 1, 0, 1] [35, 5, 8, 0, 7]
MS2 -> REF [a]
REF -> DSI [1]  [5, 5, 0, 1, 1] [10, 5, 1, 1, 2]
DSI -> DSC [1]  [10, 5, 1, 1, 2] [15, 5, 2, 1, 3]
DSC -> MS1 [1]  [15, 5, 2, 1, 3] [20, 5, 7, 1, 4]
MS1 -> MS3 [1]  [20, 5, 7, 1, 4] [25, 5, 9, 1, 5]
MS3 -> DSO [1]  [25, 5, 9, 1, 5] [50, 5, 14, 1, 10]
DSO -> REF [b]
REF -> HBW [2]  [25, 5, 0, 2, 5] [30, 5, 4, 2, 6]
HBW -> MS3 [2]  [30, 5, 4, 2, 6] [35, 5, 9, 2, 7]
MS3 -> MS5 [2]* [35, 5, 9, 2, 7] [50, 5, 11, 2, 10]
MS5 -> MS2 [c]
MS2 -> MS1 [0]  [35, 5, 8, 0, 7] [40, 5, 7, 0, 8]
MS1 -> DSO [0]  [40, 5, 7, 0, 8] [45, 5, 14, 0, 9]
DSO -> REF [0]  [45, 5, 14, 0, 9] [50, 0, 0, 0, 10]
MS5 -> DSO [2]  [50, 5, 11, 2, 10] [55, 5, 14, 2, 11]
DSO -> DSO [d]
DSO -> REF [1]  [50, 5, 14, 1, 10] [55, 0, 0, 1, 11]
DSO -> REF [2]  [55, 5, 14, 2, 11] [60, 0, 0, 2, 12]
overlap idx: []
there is no overlap!

>>> apply the serializer filter
>>> apply the pruning filter

>>> generate overlay mapping:
REF -> DSI [0]  [0, 5, 0, 0, 0] [5, 5, 1, 0, 1]
DSI -> MS2 [0]* [5, 5, 1, 0, 1] [30, 5, 8, 0, 6]
MS2 -> REF [a]
REF -> DSI [1]  [5, 5, 0, 1, 1] [10, 5, 1, 1, 2]
DSI -> DSC [1]  [10, 5, 1, 1, 2] [15, 5, 2, 1, 3]
DSC -> MS1 [1]  [15, 5, 2, 1, 3] [20, 5, 7, 1, 4]
MS1 -> MS3 [1]  [20, 5, 7, 1, 4] [25, 5, 9, 1, 5]
MS3 -> DSO [1]  [25, 5, 9, 1, 5] [50, 5, 14, 1, 10]
DSO -> REF [b]
REF -> HBW [2]  [25, 5, 0, 2, 5] [30, 5, 4, 2, 6]
HBW -> MS3 [2]* [30, 5, 4, 2, 6] [45, 5, 9, 2, 9]
MS3 -> MS2 [c]
MS2 -> MS1 [0]  [30, 5, 8, 0, 6] [35, 5, 7, 0, 7]
MS1 -> DSO [0]  [35, 5, 7, 0, 7] [40, 5, 14, 0, 8]
DSO -> REF [0]  [40, 5, 14, 0, 8] [45, 0, 0, 0, 9]
MS3 -> MS5 [2]  [45, 5, 9, 2, 9] [50, 5, 11, 2, 10]
MS5 -> DSO [2]  [50, 5, 11, 2, 10] [55, 5, 14, 2, 11]
DSO -> DSO [d]
DSO -> REF [1]  [50, 5, 14, 1, 10] [55, 0, 0, 1, 11]
DSO -> REF [2]  [55, 5, 14, 2, 11] [60, 0, 0, 2, 12]
overlap idx: []
there is no overlap!
Optimal Schedule Length: 60
12.81591796875
[0, 5, 0, 0, 0]
[5, 5, 1, 0, 1]
[5, 5, 0, 1, 1]
[10, 5, 1, 1, 2]
[15, 5, 2, 1, 3]
[20, 5, 7, 1, 4]
[25, 5, 9, 1, 5]
[25, 5, 0, 2, 5]
[30, 5, 4, 2, 6]
[30, 5, 8, 0, 6]
[35, 5, 7, 0, 7]
[40, 5, 14, 0, 8]
[45, 0, 0, 0, 9]
[45, 5, 9, 2, 9]
[50, 5, 11, 2, 10]
[50, 5, 14, 1, 10]
[55, 0, 0, 1, 11]
[55, 5, 14, 2, 11]
[60, 0, 0, 2, 12]
