Optimal Schedule Length: 75
29.953857421875
[0, 5, 0, 0, 0]
[5, 5, 1, 0, 1]
[10, 5, 5, 0, 2]
[15, 5, 6, 0, 3]
[15, 5, 0, 1, 3]
[20, 5, 1, 1, 4]
[20, 5, 0, 2, 4]
[25, 5, 4, 2, 5]
[30, 5, 2, 2, 6]
[30, 5, 7, 1, 6]
[35, 5, 5, 1, 7]
[40, 5, 6, 1, 8]
[40, 5, 7, 0, 8]
[40, 5, 8, 2, 8]
[45, 5, 8, 0, 9]
[45, 5, 11, 2, 9]
[50, 5, 2, 2, 10]
[50, 5, 12, 1, 10]
[50, 5, 9, 0, 10]
[55, 5, 14, 1, 11]
[60, 0, 0, 1, 12]
[60, 5, 8, 2, 12]
[60, 5, 14, 0, 12]
[65, 0, 0, 0, 13]
[65, 5, 9, 2, 13]
[70, 5, 14, 2, 14]
[75, 0, 0, 2, 15]

