>>> generate overlay mapping:
REF -> DSI [0]  [0, 5, 0, 0, 0] [5, 5, 1, 0, 1]
DSI -> MPO [0]  [5, 5, 1, 0, 1] [10, 5, 5, 0, 2]
MPO -> SLD [0]  [10, 5, 5, 0, 2] [15, 5, 6, 0, 3]
SLD -> MS1 [0]* [15, 5, 6, 0, 3] [40, 5, 7, 0, 8]
MS1 -> REF [a]
REF -> DSI [1]  [15, 5, 0, 1, 3] [20, 5, 1, 1, 4]
DSI -> MS1 [1]S [20, 5, 1, 1, 4] [30, 5, 7, 1, 6]
REF -> HBW [2]  [20, 5, 0, 2, 4] [25, 5, 4, 2, 5]
HBW -> DSC [2]  [25, 5, 4, 2, 5] [30, 5, 2, 2, 6]
DSC -> MS2 [2]* [30, 5, 2, 2, 6] [40, 5, 8, 2, 8]
MS2 -> MS1 [b]
MS1 -> MPO [1]  [30, 5, 7, 1, 6] [35, 5, 5, 1, 7]
MPO -> SLD [1]  [35, 5, 5, 1, 7] [40, 5, 6, 1, 8]
SLD -> MS6 [1]* [40, 5, 6, 1, 8] [50, 5, 12, 1, 10]
MS6 -> MS1 [c]
MS1 -> MS2 [0]S [40, 5, 7, 0, 8] [45, 5, 8, 0, 9]
MS2 -> MS5 [2]* [40, 5, 8, 2, 8] [45, 5, 11, 2, 9]
MS5 -> MS2 [d]
MS2 -> MS3 [0]* [45, 5, 8, 0, 9] [50, 5, 9, 0, 10]
MS3 -> MS5 [e]
MS5 -> DSC [2]  [45, 5, 11, 2, 9] [50, 5, 2, 2, 10]
DSC -> MS2 [2]* [50, 5, 2, 2, 10] [60, 5, 8, 2, 12]
MS2 -> MS6 [f]
MS6 -> DSO [1]  [50, 5, 12, 1, 10] [55, 5, 14, 1, 11]
DSO -> MS3 [g]
MS3 -> DSO [0]  [50, 5, 9, 0, 10] [60, 5, 14, 0, 12]
DSO -> DSO [h]
DSO -> REF [1]  [55, 5, 14, 1, 11] [60, 0, 0, 1, 12]
MS2 -> MS3 [2]* [60, 5, 8, 2, 12] [65, 5, 9, 2, 13]
MS3 -> DSO [i]
DSO -> REF [0]  [60, 5, 14, 0, 12] [65, 0, 0, 0, 13]
MS3 -> DSO [2]  [65, 5, 9, 2, 13] [70, 5, 14, 2, 14]
DSO -> REF [2]  [70, 5, 14, 2, 14] [75, 0, 0, 2, 15]
overlap idx: [9, 14]
2 XXXXXXXXXXXXXXXXXXXXXXXXXXXXXXXXXXXXXXXXXXXXXXXXXXXXXXXXXXXXX
>>> generate overlay mapping:
REF -> DSI [0]  [0, 5, 0, 0, 0] [5, 5, 1, 0, 1]
DSI -> MPO [0]  [5, 5, 1, 0, 1] [10, 5, 5, 0, 2]
MPO -> SLD [0]  [10, 5, 5, 0, 2] [15, 5, 6, 0, 3]
SLD -> MS1 [0]  [15, 5, 6, 0, 3] [20, 5, 7, 0, 4]
MS1 -> MS2 [0]* [20, 5, 7, 0, 4] [45, 5, 8, 0, 9]
MS2 -> REF [a]
REF -> DSI [1]  [20, 5, 0, 1, 4] [25, 5, 1, 1, 5]
DSI -> MS1 [1]* [25, 5, 1, 1, 5] [35, 5, 7, 1, 7]
MS1 -> REF [b]
REF -> HBW [2]  [25, 5, 0, 2, 5] [30, 5, 4, 2, 6]
HBW -> DSC [2]  [30, 5, 4, 2, 6] [35, 5, 2, 2, 7]
DSC -> MS2 [2]S [35, 5, 2, 2, 7] [45, 5, 8, 2, 9]
MS1 -> MPO [1]  [35, 5, 7, 1, 7] [40, 5, 5, 1, 8]
MPO -> SLD [1]  [40, 5, 5, 1, 8] [45, 5, 6, 1, 9]
SLD -> MS6 [1]* [45, 5, 6, 1, 9] [60, 5, 12, 1, 12]
MS6 -> MS2 [c]
MS2 -> MS5 [2]* [45, 5, 8, 2, 9] [50, 5, 11, 2, 10]
MS5 -> MS2 [d]
MS2 -> MS3 [0]* [45, 5, 8, 0, 9] [60, 5, 9, 0, 12]
MS3 -> MS5 [e]
MS5 -> DSC [2]  [50, 5, 11, 2, 10] [55, 5, 2, 2, 11]
DSC -> MS2 [2]  [55, 5, 2, 2, 11] [60, 5, 8, 2, 12]
MS2 -> MS3 [2]S [60, 5, 8, 2, 12] [75, 5, 9, 2, 15]
MS6 -> DSO [1]  [60, 5, 12, 1, 12] [65, 5, 14, 1, 13]
DSO -> MS3 [f]
MS3 -> DSO [0]  [60, 5, 9, 0, 12] [70, 5, 14, 0, 14]
DSO -> DSO [g]
DSO -> REF [1]  [65, 5, 14, 1, 13] [70, 0, 0, 1, 14]
DSO -> REF [0]  [70, 5, 14, 0, 14] [75, 0, 0, 0, 15]
MS3 -> DSO [2]  [75, 5, 9, 2, 15] [80, 5, 14, 2, 16]
DSO -> REF [2]  [80, 5, 14, 2, 16] [85, 0, 0, 2, 17]
overlap idx: [13, 24]
3 XXXXXXXXXXXXXXXXXXXXXXXXXXXXXXXXXXXXXXXXXXXXXXXXXXXXXXXXXXXXX
>>> generate overlay mapping:
REF -> DSI [0]  [0, 5, 0, 0, 0] [5, 5, 1, 0, 1]
DSI -> MPO [0]  [5, 5, 1, 0, 1] [10, 5, 5, 0, 2]
MPO -> SLD [0]  [10, 5, 5, 0, 2] [15, 5, 6, 0, 3]
SLD -> MS1 [0]  [15, 5, 6, 0, 3] [20, 5, 7, 0, 4]
MS1 -> MS2 [0]  [20, 5, 7, 0, 4] [25, 5, 8, 0, 5]
MS2 -> MS3 [0]  [25, 5, 8, 0, 5] [30, 5, 9, 0, 6]
MS3 -> DSO [0]  [30, 5, 9, 0, 6] [80, 5, 14, 0, 16]
DSO -> REF [a]
REF -> DSI [1]  [30, 5, 0, 1, 6] [35, 5, 1, 1, 7]
DSI -> MS1 [1]* [35, 5, 1, 1, 7] [45, 5, 7, 1, 9]
MS1 -> REF [b]
REF -> HBW [2]  [35, 5, 0, 2, 7] [40, 5, 4, 2, 8]
HBW -> DSC [2]  [40, 5, 4, 2, 8] [45, 5, 2, 2, 9]
DSC -> MS2 [2]* [45, 5, 2, 2, 9] [55, 5, 8, 2, 11]
MS2 -> MS1 [c]
MS1 -> MPO [1]  [45, 5, 7, 1, 9] [50, 5, 5, 1, 10]
MPO -> SLD [1]  [50, 5, 5, 1, 10] [55, 5, 6, 1, 11]
SLD -> MS6 [1]* [55, 5, 6, 1, 11] [70, 5, 12, 1, 14]
MS6 -> MS2 [d]
MS2 -> MS5 [2]  [55, 5, 8, 2, 11] [60, 5, 11, 2, 12]
MS5 -> DSC [2]  [60, 5, 11, 2, 12] [65, 5, 2, 2, 13]
DSC -> MS2 [2]  [65, 5, 2, 2, 13] [70, 5, 8, 2, 14]
MS2 -> MS3 [2]* [70, 5, 8, 2, 14] [85, 5, 9, 2, 17]
MS3 -> MS6 [e]
MS6 -> DSO [1]  [70, 5, 12, 1, 14] [75, 5, 14, 1, 15]
DSO -> REF [1]  [75, 5, 14, 1, 15] [80, 0, 0, 1, 16]
DSO -> REF [0]  [80, 5, 14, 0, 16] [85, 0, 0, 0, 17]
MS3 -> DSO [2]  [85, 5, 9, 2, 17] [90, 5, 14, 2, 18]
DSO -> REF [2]  [90, 5, 14, 2, 18] [95, 0, 0, 2, 19]
overlap idx: []
there is no overlap!

>>> apply the serializer filter
>>> apply the pruning filter

>>> generate overlay mapping:
REF -> DSI [0]  [0, 5, 0, 0, 0] [5, 5, 1, 0, 1]
DSI -> MPO [0]  [5, 5, 1, 0, 1] [10, 5, 5, 0, 2]
MPO -> SLD [0]  [10, 5, 5, 0, 2] [15, 5, 6, 0, 3]
SLD -> MS1 [0]  [15, 5, 6, 0, 3] [20, 5, 7, 0, 4]
MS1 -> MS2 [0]  [20, 5, 7, 0, 4] [25, 5, 8, 0, 5]
MS2 -> MS3 [0]  [25, 5, 8, 0, 5] [30, 5, 9, 0, 6]
MS3 -> DSO [0]  [30, 5, 9, 0, 6] [75, 5, 14, 0, 15]
DSO -> REF [a]
REF -> DSI [1]  [30, 5, 0, 1, 6] [35, 5, 1, 1, 7]
DSI -> MS1 [1]* [35, 5, 1, 1, 7] [45, 5, 7, 1, 9]
MS1 -> REF [b]
REF -> HBW [2]  [35, 5, 0, 2, 7] [40, 5, 4, 2, 8]
HBW -> DSC [2]  [40, 5, 4, 2, 8] [45, 5, 2, 2, 9]
DSC -> MS2 [2]* [45, 5, 2, 2, 9] [55, 5, 8, 2, 11]
MS2 -> MS1 [c]
MS1 -> MPO [1]  [45, 5, 7, 1, 9] [50, 5, 5, 1, 10]
MPO -> SLD [1]  [50, 5, 5, 1, 10] [55, 5, 6, 1, 11]
SLD -> MS6 [1]* [55, 5, 6, 1, 11] [65, 5, 12, 1, 13]
MS6 -> MS2 [d]
MS2 -> MS5 [2]  [55, 5, 8, 2, 11] [60, 5, 11, 2, 12]
MS5 -> DSC [2]  [60, 5, 11, 2, 12] [65, 5, 2, 2, 13]
DSC -> MS2 [2]* [65, 5, 2, 2, 13] [80, 5, 8, 2, 16]
MS2 -> MS6 [e]
MS6 -> DSO [1]  [65, 5, 12, 1, 13] [70, 5, 14, 1, 14]
DSO -> REF [1]  [70, 5, 14, 1, 14] [75, 0, 0, 1, 15]
DSO -> REF [0]  [75, 5, 14, 0, 15] [80, 0, 0, 0, 16]
MS2 -> MS3 [2]  [80, 5, 8, 2, 16] [85, 5, 9, 2, 17]
MS3 -> DSO [2]  [85, 5, 9, 2, 17] [90, 5, 14, 2, 18]
DSO -> REF [2]  [90, 5, 14, 2, 18] [95, 0, 0, 2, 19]
overlap idx: []
there is no overlap!

Optimal Schedule Length: 95
20.81787109375
[0, 5, 0, 0, 0]
[5, 5, 1, 0, 1]
[10, 5, 5, 0, 2]
[15, 5, 6, 0, 3]
[20, 5, 7, 0, 4]
[25, 5, 8, 0, 5]
[30, 5, 9, 0, 6]
[30, 5, 0, 1, 6]
[35, 5, 1, 1, 7]
[35, 5, 0, 2, 7]
[40, 5, 4, 2, 8]
[45, 5, 2, 2, 9]
[45, 5, 7, 1, 9]
[50, 5, 5, 1, 10]
[55, 5, 6, 1, 11]
[55, 5, 8, 2, 11]
[60, 5, 11, 2, 12]
[65, 5, 2, 2, 13]
[65, 5, 12, 1, 13]
[70, 5, 14, 1, 14]
[75, 0, 0, 1, 15]
[75, 5, 14, 0, 15]
[80, 0, 0, 0, 16]
[80, 5, 8, 2, 16]
[85, 5, 9, 2, 17]
[90, 5, 14, 2, 18]
[95, 0, 0, 2, 19]

