Optimal Schedule Length: 80
31.59765625
[0, 5, 0, 1, 0]
[5, 5, 4, 1, 1]
[10, 5, 5, 1, 2]
[15, 5, 6, 1, 3]
[15, 5, 0, 0, 3]
[20, 5, 1, 0, 4]
[25, 5, 2, 0, 5]
[25, 5, 0, 2, 5]
[30, 5, 1, 2, 6]
[30, 5, 7, 0, 6]
[35, 5, 8, 2, 7]
[35, 5, 13, 1, 7]
[40, 5, 9, 1, 8]
[40, 5, 12, 2, 8]
[40, 5, 13, 0, 8]
[45, 5, 5, 0, 9]
[50, 5, 6, 0, 10]
[50, 5, 9, 2, 10]
[55, 5, 2, 2, 11]
[55, 5, 10, 1, 11]
[60, 5, 2, 1, 12]
[65, 5, 4, 1, 13]
[70, 0, 0, 1, 14]
[70, 5, 14, 0, 14]
[75, 0, 0, 0, 15]
[75, 5, 14, 2, 15]
[80, 0, 0, 2, 16]

