Optimal Schedule Length: 75
15.107666015625
[0, 5, 0, 1, 0]
[5, 5, 1, 1, 1]
[10, 5, 2, 1, 2]
[15, 5, 3, 1, 3]
[15, 5, 0, 0, 3]
[20, 5, 1, 0, 4]
[20, 5, 0, 2, 4]
[25, 5, 1, 2, 5]
[25, 5, 7, 0, 5]
[30, 5, 8, 0, 6]
[30, 5, 10, 1, 6]
[30, 5, 11, 2, 6]
[35, 5, 9, 0, 7]
[40, 5, 2, 0, 8]
[40, 5, 10, 2, 8]
[40, 5, 13, 1, 8]
[45, 5, 11, 2, 9]
[45, 5, 12, 1, 9]
[50, 5, 8, 1, 10]
[50, 5, 10, 0, 10]
[50, 5, 13, 2, 10]
[55, 5, 2, 2, 11]
[60, 5, 4, 2, 12]
[65, 0, 0, 2, 13]
[65, 5, 14, 0, 13]
[70, 0, 0, 0, 14]
[70, 5, 14, 1, 14]
[75, 0, 0, 1, 15]

