Optimal Schedule Length: 70
16.878173828125
[0, 5, 0, 1, 0]
[5, 5, 1, 1, 1]
[5, 5, 0, 2, 1]
[10, 5, 4, 2, 2]
[10, 5, 0, 0, 2]
[15, 5, 4, 0, 3]
[15, 5, 7, 1, 3]
[20, 5, 2, 1, 4]
[20, 5, 8, 2, 4]
[25, 5, 2, 2, 5]
[30, 5, 5, 2, 6]
[35, 5, 6, 2, 7]
[35, 5, 9, 0, 7]
[35, 5, 13, 1, 7]
[40, 5, 11, 1, 8]
[45, 5, 3, 1, 9]
[45, 5, 13, 0, 9]
[50, 5, 7, 0, 10]
[50, 5, 7, 2, 10]
[55, 5, 14, 0, 11]
[60, 0, 0, 0, 12]
[60, 5, 11, 2, 12]
[60, 5, 14, 1, 12]
[65, 0, 0, 1, 13]
[65, 5, 14, 2, 13]
[70, 0, 0, 2, 14]

