>>> generate overlay mapping:
REF -> DSI [0]  [0, 5, 0, 0, 0] [5, 5, 1, 0, 1]
DSI -> MS7 [0]* [5, 5, 1, 0, 1] [10, 5, 13, 0, 2]
MS7 -> REF [a]
REF -> DSI [1]  [5, 5, 0, 1, 1] [10, 5, 1, 1, 2]
DSI -> MS7 [1]S [10, 5, 1, 1, 2] [15, 5, 13, 1, 3]
MS7 -> MS5 [0]  [10, 5, 13, 0, 2] [15, 5, 11, 0, 3]
MS5 -> MS1 [0]* [15, 5, 11, 0, 3] [20, 5, 7, 0, 4]
MS1 -> MS7 [b]
MS7 -> DSC [1]  [15, 5, 13, 1, 3] [20, 5, 2, 1, 4]
DSC -> MS1 [1]S [20, 5, 2, 1, 4] [25, 5, 7, 1, 5]
MS1 -> DSC [0]  [20, 5, 7, 0, 4] [25, 5, 2, 0, 5]
DSC -> DSO [0]  [25, 5, 2, 0, 5] [30, 5, 14, 0, 6]
DSO -> MS1 [c]
MS1 -> MS3 [1]  [25, 5, 7, 1, 5] [30, 5, 9, 1, 6]
MS3 -> DSO [1]  [30, 5, 9, 1, 6] [35, 5, 14, 1, 7]
DSO -> DSO [d]
DSO -> REF [0]  [30, 5, 14, 0, 6] [35, 5, 0, 0, 7]
DSO -> REF [1]  [35, 5, 14, 1, 7] [40, 5, 0, 1, 8]
overlap idx: [6, 10]
2 XXXXXXXXXXXXXXXXXXXXXXXXXXXXXXXXXXXXXXXXXXXXXXXXXXXXXXXXXXXXX
>>> generate overlay mapping:
REF -> DSI [0]  [0, 5, 0, 0, 0] [5, 5, 1, 0, 1]
DSI -> MS7 [0]  [5, 5, 1, 0, 1] [10, 5, 13, 0, 2]
MS7 -> MS5 [0]* [10, 5, 13, 0, 2] [15, 5, 11, 0, 3]
MS5 -> REF [a]
REF -> DSI [1]  [10, 5, 0, 1, 2] [15, 5, 1, 1, 3]
DSI -> MS7 [1]* [15, 5, 1, 1, 3] [20, 5, 13, 1, 4]
MS7 -> MS5 [b]
MS5 -> MS1 [0]  [15, 5, 11, 0, 3] [20, 5, 7, 0, 4]
MS1 -> DSC [0]  [20, 5, 7, 0, 4] [25, 5, 2, 0, 5]
DSC -> MS7 [c]
MS7 -> DSC [1]  [20, 5, 13, 1, 4] [25, 5, 2, 1, 5]
DSC -> MS1 [1]* [25, 5, 2, 1, 5] [30, 5, 7, 1, 6]
MS1 -> DSC [d]
DSC -> DSO [0]  [25, 5, 2, 0, 5] [35, 5, 14, 0, 7]
DSO -> MS1 [e]
MS1 -> MS3 [1]  [30, 5, 7, 1, 6] [35, 5, 9, 1, 7]
MS3 -> DSO [1]  [35, 5, 9, 1, 7] [40, 5, 14, 1, 8]
DSO -> DSO [f]
DSO -> REF [0]  [35, 5, 14, 0, 7] [40, 5, 0, 0, 8]
DSO -> REF [1]  [40, 5, 14, 1, 8] [45, 5, 0, 1, 9]
overlap idx: []
there is no overlap!

>>> apply the serializer filter
>>> apply the pruning filter

>>> generate overlay mapping:
REF -> DSI [0]  [0, 5, 0, 0, 0] [5, 5, 1, 0, 1]
DSI -> MS7 [0]* [5, 5, 1, 0, 1] [10, 5, 13, 0, 2]
MS7 -> REF [a]
REF -> DSI [1]  [5, 5, 0, 1, 1] [10, 5, 1, 1, 2]
DSI -> MS7 [1]S [10, 5, 1, 1, 2] [25, 5, 13, 1, 5]
MS7 -> MS5 [0]  [10, 5, 13, 0, 2] [15, 5, 11, 0, 3]
MS5 -> MS1 [0]  [15, 5, 11, 0, 3] [20, 5, 7, 0, 4]
MS1 -> DSC [0]  [20, 5, 7, 0, 4] [25, 5, 2, 0, 5]
DSC -> DSO [0]  [25, 5, 2, 0, 5] [40, 5, 14, 0, 8]
DSO -> MS7 [b]
MS7 -> DSC [1]  [25, 5, 13, 1, 5] [30, 5, 2, 1, 6]
DSC -> MS1 [1]  [30, 5, 2, 1, 6] [35, 5, 7, 1, 7]
MS1 -> MS3 [1]  [35, 5, 7, 1, 7] [40, 5, 9, 1, 8]
MS3 -> DSO [1]  [40, 5, 9, 1, 8] [45, 5, 14, 1, 9]
DSO -> DSO [c]
DSO -> REF [0]  [40, 5, 14, 0, 8] [45, 5, 0, 0, 9]
DSO -> REF [1]  [45, 5, 14, 1, 9] [50, 5, 0, 1, 10]
overlap idx: [8]
3 XXXXXXXXXXXXXXXXXXXXXXXXXXXXXXXXXXXXXXXXXXXXXXXXXXXXXXXXXXXXX
>>> generate overlay mapping:
REF -> DSI [0]  [0, 5, 0, 0, 0] [5, 5, 1, 0, 1]
DSI -> MS7 [0]  [5, 5, 1, 0, 1] [10, 5, 13, 0, 2]
MS7 -> MS5 [0]* [10, 5, 13, 0, 2] [15, 5, 11, 0, 3]
MS5 -> REF [a]
REF -> DSI [1]  [10, 5, 0, 1, 2] [15, 5, 1, 1, 3]
DSI -> MS7 [1]* [15, 5, 1, 1, 3] [25, 5, 13, 1, 5]
MS7 -> MS5 [b]
MS5 -> MS1 [0]  [15, 5, 11, 0, 3] [20, 5, 7, 0, 4]
MS1 -> DSC [0]  [20, 5, 7, 0, 4] [25, 5, 2, 0, 5]
DSC -> DSO [0]  [25, 5, 2, 0, 5] [40, 5, 14, 0, 8]
DSO -> MS7 [c]
MS7 -> DSC [1]  [25, 5, 13, 1, 5] [30, 5, 2, 1, 6]
DSC -> MS1 [1]  [30, 5, 2, 1, 6] [35, 5, 7, 1, 7]
MS1 -> MS3 [1]  [35, 5, 7, 1, 7] [40, 5, 9, 1, 8]
MS3 -> DSO [1]  [40, 5, 9, 1, 8] [45, 5, 14, 1, 9]
DSO -> DSO [d]
DSO -> REF [0]  [40, 5, 14, 0, 8] [45, 5, 0, 0, 9]
DSO -> REF [1]  [45, 5, 14, 1, 9] [50, 5, 0, 1, 10]
overlap idx: []
there is no overlap!

Optimal Schedule Length: 55
12.91845703125
[0, 5, 0, 0, 0]
[5, 5, 1, 0, 1]
[10, 5, 13, 0, 2]
[10, 5, 0, 1, 2]
[15, 5, 1, 1, 3]
[15, 5, 11, 0, 3]
[20, 5, 7, 0, 4]
[25, 5, 2, 0, 5]
[25, 5, 13, 1, 5]
[30, 5, 2, 1, 6]
[35, 5, 7, 1, 7]
[40, 5, 9, 1, 8]
[40, 5, 14, 0, 8]
[45, 5, 0, 0, 9]
[45, 5, 14, 1, 9]
[50, 5, 0, 1, 10]

